# yamllint disable
end-of-epoch: true
error: 0.2049461007118225
loss: 0.5251643697581969
unixtime: 1712696239.907323
