# yamllint disable
end-of-epoch: true
error: 0.20183894038200378
loss: 0.5138161530601085
unixtime: 1712690070.7424626
