# yamllint disable
end-of-epoch: true
error: 0.2516011595726013
loss: 0.604128138913262
unixtime: 1712076554.0876443
