# yamllint disable
end-of-epoch: true
error: 0.20328155159950256
loss: 0.5163448396730131
unixtime: 1711202405.3626528
